A =

    0.00000    0.00000    0.00000    0.00000    0.00000
    6.64190    6.64190    6.64190    6.64190    6.64190
   10.34400   10.34400   10.34400   10.34400   10.34400
   -5.57350   -5.57350   -5.57350   -5.57350   -5.57350
    6.51450    6.51450    6.51450    6.51450    6.51450
   -5.72940   -5.72940   -5.72940   -5.72940   -5.72940
   10.43000   10.43000   10.43000   10.43000   10.43000
    7.33130    7.33130    7.33130    7.33130    7.33130
    3.38340    3.38340    3.38340    3.38340    3.38340
    0.00000    0.00000    0.00000    0.00000    0.00000
    0.00000    0.00000    0.00000    0.00000    0.00000
    0.00000    0.00000    0.00000    0.00000    0.00000
    6.63120    6.63120    6.63120    6.63120    6.63120
   10.42900   10.42900   10.42900   10.42900   10.42900
  -10.20500  -10.20500  -10.20500  -10.20500  -10.20500
  -13.60200  -13.60200  -13.60200  -13.60200  -13.60200
  -10.20400  -10.20400  -10.20400  -10.20400  -10.20400
   10.69800   10.69800   10.69800   10.69800   10.69800
    6.24690    6.24690    6.24690    6.24690    6.24690
    3.75980    3.75980    3.75980    3.75980    3.75980
    0.00000    0.00000    0.00000    0.00000    0.00000
    0.00000    0.00000    0.00000    0.00000    0.00000
   -0.47907   -0.47907   -0.47907   -0.47907   -0.47907
   -0.00000   -0.00000   -0.00000   -0.00000   -0.00000
   -2.78530   -2.78530   -2.78530   -2.78530   -2.78530
   -4.56920   -4.56920   -4.56920   -4.56920   -4.56920
    1.23490    1.23490    1.23490    1.23490    1.23490
   -2.53070   -2.53070   -2.53070   -2.53070   -2.53070
    1.28290    1.28290    1.28290    1.28290    1.28290
   -4.56790   -4.56790   -4.56790   -4.56790   -4.56790
   -2.99020   -2.99020   -2.99020   -2.99020   -2.99020
   -1.44710   -1.44710   -1.44710   -1.44710   -1.44710
    0.00000    0.00000    0.00000    0.00000    0.00000
    0.00000    0.00000    0.00000    0.00000    0.00000
    0.00000    0.00000    0.00000    0.00000    0.00000
   -2.71110   -2.71110   -2.71110   -2.71110   -2.71110
   -4.63440   -4.63440   -4.63440   -4.63440   -4.63440
   -0.51776   -0.51776   -0.51776   -0.51776   -0.51776
    2.01290    2.01290    2.01290    2.01290    2.01290
   -0.51509   -0.51509   -0.51509   -0.51509   -0.51509
   -4.71090   -4.71090   -4.71090   -4.71090   -4.71090
   -2.59640   -2.59640   -2.59640   -2.59640   -2.59640
   -1.52000   -1.52000   -1.52000   -1.52000   -1.52000
    0.00000    0.00000    0.00000    0.00000    0.00000
    0.00000    0.00000    0.00000    0.00000    0.00000
   -0.07051   -0.07051   -0.07051   -0.07051   -0.07051
   -0.00000   -0.00000   -0.00000   -0.00000   -0.00000
    0.23251    0.23251    0.23251    0.23251    0.23251
    0.89705    0.89705    0.89705    0.89705    0.89705
    3.39790    3.39790    3.39790    3.39790    3.39790
    0.01207    0.01207    0.01207    0.01207    0.01207
   -3.40240   -3.40240   -3.40240   -3.40240   -3.40240
   -0.87591   -0.87591   -0.87591   -0.87591   -0.87591
   -0.21779   -0.21779   -0.21779   -0.21779   -0.21779
   -0.07687   -0.07687   -0.07687   -0.07687   -0.07687
    0.00000    0.00000    0.00000    0.00000    0.00000
    0.00000    0.00000    0.00000    0.00000    0.00000
    0.00000    0.00000    0.00000    0.00000    0.00000
    0.15574    0.15574    0.15574    0.15574    0.15574
    0.39768    0.39768    0.39768    0.39768    0.39768
    0.63592    0.63592    0.63592    0.63592    0.63592
   -0.00726   -0.00726   -0.00726   -0.00726   -0.00726
   -0.62738   -0.62738   -0.62738   -0.62738   -0.62738
   -0.37613   -0.37613   -0.37613   -0.37613   -0.37613
   -0.14366   -0.14366   -0.14366   -0.14366   -0.14366
   -0.05912   -0.05912   -0.05912   -0.05912   -0.05912
    0.00000    0.00000    0.00000    0.00000    0.00000
    0.00000    0.00000    0.00000    0.00000    0.00000
    0.00018    0.00018    0.00018    0.00018    0.00018
   -0.00000   -0.00000   -0.00000   -0.00000   -0.00000
   -0.62698   -0.62698   -0.62698   -0.62698   -0.62698
   -0.98398   -0.98398   -0.98398   -0.98398   -0.98398
    0.53211    0.53211    0.53211    0.53211    0.53211
   -0.55382   -0.55382   -0.55382   -0.55382   -0.55382
    0.54555    0.54555    0.54555    0.54555    0.54555
   -0.98906   -0.98906   -0.98906   -0.98906   -0.98906
   -0.68596   -0.68596   -0.68596   -0.68596   -0.68596
   -0.32216   -0.32216   -0.32216   -0.32216   -0.32216
    0.00000    0.00000    0.00000    0.00000    0.00000
    0.00000    0.00000    0.00000    0.00000    0.00000
    0.00000    0.00000    0.00000    0.00000    0.00000
   -0.62461   -0.62461   -0.62461   -0.62461   -0.62461
   -1.01390   -1.01390   -1.01390   -1.01390   -1.01390
    0.57644    0.57644    0.57644    0.57644    0.57644
    0.99180    0.99180    0.99180    0.99180    0.99180
    0.57654    0.57654    0.57654    0.57654    0.57654
   -1.03660   -1.03660   -1.03660   -1.03660   -1.03660
   -0.59172   -0.59172   -0.59172   -0.59172   -0.59172
   -0.35253   -0.35253   -0.35253   -0.35253   -0.35253
    0.00000    0.00000    0.00000    0.00000    0.00000
    0.00000    0.00000    0.00000    0.00000    0.00000
    0.00707    0.00707    0.00707    0.00707    0.00707
   -0.00000   -0.00000   -0.00000   -0.00000   -0.00000
   -0.09963   -0.09963   -0.09963   -0.09963   -0.09963
    0.12198    0.12198    0.12198    0.12198    0.12198
    0.54443    0.54443    0.54443    0.54443    0.54443
   -2.13470   -2.13470   -2.13470   -2.13470   -2.13470
    0.54271    0.54271    0.54271    0.54271    0.54271
    0.14752    0.14752    0.14752    0.14752    0.14752
   -0.10870   -0.10870   -0.10870   -0.10870   -0.10870
   -0.07766   -0.07766   -0.07766   -0.07766   -0.07766
    0.00000    0.00000    0.00000    0.00000    0.00000
    0.00000    0.00000    0.00000    0.00000    0.00000
    0.00000    0.00000    0.00000    0.00000    0.00000
   -0.13424   -0.13424   -0.13424   -0.13424   -0.13424
   -0.24512   -0.24512   -0.24512   -0.24512   -0.24512
   -0.83953   -0.83953   -0.83953   -0.83953   -0.83953
   -0.61011   -0.61011   -0.61011   -0.61011   -0.61011
   -0.84015   -0.84015   -0.84015   -0.84015   -0.84015
   -0.24296   -0.24296   -0.24296   -0.24296   -0.24296
   -0.13120   -0.13120   -0.13120   -0.13120   -0.13120
   -0.08199   -0.08199   -0.08199   -0.08199   -0.08199
    0.00000    0.00000    0.00000    0.00000    0.00000
    0.00000    0.00000    0.00000    0.00000    0.00000
   -0.10229   -0.10229   -0.10229   -0.10229   -0.10229
    0.00000    0.00000    0.00000    0.00000    0.00000
    0.45617    0.45617    0.45617    0.45617    0.45617
    0.69934    0.69934    0.69934    0.69934    0.69934
   -0.49406   -0.49406   -0.49406   -0.49406   -0.49406
    0.38083    0.38083    0.38083    0.38083    0.38083
   -0.50445   -0.50445   -0.50445   -0.50445   -0.50445
    0.70456    0.70456    0.70456    0.70456    0.70456
    0.50292    0.50292    0.50292    0.50292    0.50292
    0.23360    0.23360    0.23360    0.23360    0.23360
    0.00000    0.00000    0.00000    0.00000    0.00000
    0.00000    0.00000    0.00000    0.00000    0.00000
    0.00000    0.00000    0.00000    0.00000    0.00000
    0.46016    0.46016    0.46016    0.46016    0.46016
    0.73321    0.73321    0.73321    0.73321    0.73321
   -0.60972   -0.60972   -0.60972   -0.60972   -0.60972
   -0.87193   -0.87193   -0.87193   -0.87193   -0.87193
   -0.60962   -0.60962   -0.60962   -0.60962   -0.60962
    0.75136    0.75136    0.75136    0.75136    0.75136
    0.43414    0.43414    0.43414    0.43414    0.43414
    0.26024    0.26024    0.26024    0.26024    0.26024
    0.00000    0.00000    0.00000    0.00000    0.00000
    0.00000    0.00000    0.00000    0.00000    0.00000
   -0.04805   -0.04805   -0.04805   -0.04805   -0.04805
    0.00000    0.00000    0.00000    0.00000    0.00000
    0.00000    0.00000    0.00000    0.00000    0.00000
    0.00000    0.00000    0.00000    0.00000    0.00000
    0.00000    0.00000    0.00000    0.00000    0.00000
